pos+ori:	0.500000	-0.003759	3.142000
prox:	2.221442	2.221442	2.221442
valid:	0	0	0
