pos+ori:	0.493303	0.497162	4.712666
prox:	2.221442	2.221442	2.221442
valid:	0	0	0
