pos+ori:	0.325000	0.000000	-6.243392
prox:	0.455433	0.455433	0.250790
valid:	0	0	1
