pos+ori:	0.000000	0.000000	4.289987
prox:	2.221442	2.221442	2.221442
valid:	0	0	0
