pos+ori:	0.000000	0.000000	-0.000000
prox:	2.221441	2.221441	2.221441
valid:	0	0	0
