pos+ori:	-0.756466	-0.249911	4.713000
prox:	2.221019	2.221019	2.221019
valid:	0	0	0
