pos+ori:	18.224932	0.000000	0.000000
prox:	0.000000	0.000000	0.000000
valid:	0	0	0
