pos+ori:	1.825450	0.000000	0.000000
prox:	0.000000	0.000000	0.000000
valid:	0	0	0
