pos+ori:	0.325000	0.000000	1.433621
prox:	2.221442	2.221442	2.221442
valid:	0	0	0
