pos+ori:	0.325000	0.000000	0.741007
prox:	3.512407	3.512407	3.512407
valid:	0	0	0
