pos+ori:	0.325000	0.000000	1.748420
prox:	0.000000	0.000000	0.000000
valid:	0	0	0
