pos+ori:	0.527904	-0.052939	5.752758
prox:	0.120710	0.702658	0.702658
valid:	1	0	0
