pos+ori:	2.000000	1.000000	-4.102658
prox:	0.000000	0.000000	0.000000
valid:	0	0	0
